41
59
63
58
32
29
44
27
54
7
96
20
10
52
73
91
74
61
30
37
79
6
96
3
30
42
59
57
81
46
80
86
27
12
4
16
36
37
29
83
15
81
22
25
14
20
91
49
44
11
41
22
68
36
68
40
81
15
49
59
4
7
89
70
92
47
4
35
6
2
4
1
18
4
50
26
97
9
86
1
6
46
60
71
2
47
50
38
73
92
90
15
32
21
53
28
21
15
64
19
79
36
22
68
50
21
67
18
33
52
77
24
14
70
31
63
100
84
81
46
14
46
4
85
10
23
78
16
25
0
10
21
53
82
6
16
6
27
38
71
84
94
1
78
96
70
28
7
44
44
25
73
64
81
17
1
78
46
32
88
45
56
21
83
77
76
68
57
38
77
90
83
60
30
80
98
22
16
29
37
95
39
49
64
22
4
60
41
35
81
33
32
7
18
84
7
33
8
91
88
13
57
77
58
4
83
11
25
4
96
41
11
60
2
83
3
58
32
72
48
31
20
25
80
33
17
86
54
0
56
16
51
95
49
53
70
25
57
98
93
13
33
85
58
42
75
63
81
82
93
28
94
17
85
66
48
57
88
18
68
50
37
76
56
75
90
58
75
76
79
79
61
49
54
18
80
23
57
87
80
37
61
1
87
37
86
13
16
51
10
56
2
6
74
37
86
78
96
23
54
92
100
92
11
23
75
15
19
47
27
47
32
42
89
84
39
52
8
69
77
1
59
28
49
71
45
44
85
3
18
95
44
100
27
58
22
27
18
9
59
18
43
70
30
32
6
60
18
20
21
63
77
93
83
8
29
84
100
43
46
23
35
85
45
23
97
63
20
31
29
64
90
37
44
75
66
97
8
81
14
47
88
77
60
17
80
65
70
17
91
78
7
39
74
8
96
73
36
88
44
33
48
15
12
32
44
34
82
81
30
1
21
5
5
69
96
44
52
96
39
96
12
40
71
24
87
33
15
2
7
32
64
82
99
82
62
47
95
12
13
6
96
25
33
30
59
63
75
31
64
89
54
77
55
37
89
23
82
90
62
94
38
34
17
21
65
98
32
77
44
60
88
48
91
55
28
4
32
93
65
13
98
91
78
85
59
47
69
12
37
55
56
39
43
46
27
33
84
36
69
78
95
6
53
4
2
74
5
17
5
88
94
55
63
56
55
82
13
36
72
64
53
87
7
100
29
61
13
18
28
80
22
61
66
55
4
64
95
6
16
34
98
11
60
43
68
70
28
89
27
98
52
20
99
56
99
29
85
1
26
34
83
32
23
76
78
2
49
51
40
47
64
30
67
11
71
83
2
97
7
94
68
42
62
90
49
71
35
24
62
65
47
37
40
88
46
80
7
26
78
29
86
46
11
36
81
87
32
76
54
46
21
34
87
57
65
47
22
10
67
47
25
83
52
21
99
2
52
8
19
82
38
2
40
31
70
47
64
23
69
83
68
86
11
90
16
62
29
94
97
72
8
93
30
57
96
0
10
97
4
48
63
17
17
27
87
78
70
93
65
56
78
85
20
68
16
35
17
73
91
41
88
80
99
14
52
26
81
25
59
66
63
54
92
18
91
77
85
79
27
4
90
46
77
20
27
94
89
81
89
24
25
95
22
35
62
72
20
4
13
19
53
48
54
15
54
76
97
8
40
63
53
92
19
96
54
59
23
47
29
54
66
48
43
80
38
73
85
58
54
7
69
17
73
68
35
77
94
98
35
19
40
94
49
18
17
22
34
9
53
67
48
66
85
81
46
69
93
55
28
73
93
20
35
17
62
87
21
46
71
84
78
3
7
51
8
54
38
27
56
10
32
75
81
20
33
60
29
67
49
95
69
88
20
38
36
8
35
19
34
40
77
82
93
80
79
7
41
11
100
91
79
97
18
50
62
97
97
48
36
74
80
50
22
19
35
35
42
28
10
81
0
4
44
1
16
98
89
98
6
100
41
51
39
15
11
40
44
57
79
21
97
16
93
0
67
46
49
47
21
12
5
100
0
7
57
65
84
0
51
85
7
31
95
85
84
7
18
31
31
90
76
98
1
33
11
45
32
55
8
70
7
18
43
66
26
71
33
93
57
66
0
64
41
100
67
55
10
74
99
19
30
62
73
12
84
20
62
53
9
15
2
15
20
16
16
86
0
7
55
50
12
11
47
18
18
32
97
89
16
48
63
57
56
74
47
34
30
93
63
36
71
78
86
12
4
75
89
99
4
90
73
1
36
1
51
44
34
70
9
42
86
40
36
9
81
54
59
58
16
